País,CO2,Metano,gInvernadero,Analfabetización,Tugurios,MadresAdl,TrabajoNiñas,EsperanzaV,Europeo,Riqueza
Afganistán,7440,81510,98920,69,71,12,5.1,64,No,508.8
Albania,5560,3160,10080,2,45,4,4.6,78,Si,5215.3
Alemania,709540,53370,806090,0,0,6,10.7,81,Si,45723.6
Andorra,460,50,590,21,56,35,8.4,,Si,40897.3
Angola,27340,35520,79730,36,49,16,30.1,61,No,1895.8
Antigua y Barbuda,530,200,1210,1,49,11,6.9,77,No,14450
Arabia Saudita,514600,44170,638120,2,16,5,5.9,75,No,20110.3
Argelia,151670,49550,218910,19,78,15,6.5,77,No,3310.4
Argentina,177410,117850,365650,1,15,10,3.5,77,No,8441.9
Armenia,5550,2430,9360,0,9,4,7.5,75,Si,4267.5
Aruba,3324,15,617,2,63,9,11.2,76,No,30253.3
Australia,386620,139070,615380,0,24,7,25.6,83,No,51812.2
Austria,63180,6660,74980,0,6,5,17.4,82,Si,48105.4
Azerbaiyán,320200,43600,80260,0,14,6,4.5,73,No,4214.3
Bahamas,2260,230,2640,12,18,11,13.4,74,No,28607.9
Bahrein,30750,14850,48950,9,32,16,11.4,77,No,23443.4
Bangladesh,82760,83790,198970,25,47,28,4.2,72,No,1968.8
Barbados,1250,2350,3790,0,59,7,3.6,79,No,15191.2
Belarús,59310,16730,88140,0,33,9,2.6,74,Si,6411.2
Bélgica,93470,8200,108750,2,15,4,19.3,82,Si,44594.4
Belice,680,530,1560,23,5,13,27.1,74,No,4435.6
Benin,791000,5530,17380,58,59,20,23.7,61,No,1291
Bermudas,781,24,932,4,26,16,6.7,82,No,117098.4
Bhután,1380,860,2470,33,39,17,4.3,71,No,3122.4
Bolivia,22710,25050,56870,8,49,18,12.6,71,No,3143
Bosnia y Herzegovina,22540,3380,27190,3,8,10,9.5,77,Si,6031.6
Botswana,8210,4560,16120,13,55,28,9.7,69,No,6711
Brasil,427710,416280,1032640,7,16,18,1.5,76,No,6796.8
Brunei Darussalam,7140,8830,16620,3,36,22,4.6,76,No,27466.3
Bulgaria,41130,6910,53330,2,19,14,9.6,75,Si,9975.8
Burkina Faso,4270,15600,30850,61,57,25,44.8,61,No,830.9
Burundi,590,2140,5520,22,48,8,32.4,61,No,274
Cabo Verde,620,120,830,13,45,18,28.1,73,No,3064.3
Camboya,11160,20310,37460,19,45,12,12.1,70,No,1512.7
Camerún,8620,14960,89050,23,34,24,60.4,59,No,1499.4
Canadá,574400,93980,724930,0,0,4,45.3,82,No,43241.6
Chad,1070,53990,80680,18,87,36,55.1,54,No,614.5
Chile,86620,13480,109590,4,9,10,2.8,80,No,13231.7
China,10313460,1238630,12355240,3,25,9,13.5,77,No,10500.4
Chipre,7230,740,860,1,20,22,5,81,No,26623.8
Colombia,79490,76700,184100,4,28,17,4.1,77,No,5332.8
Comoras,260,270,590,41,68,11,8.7,64,No,1402.6
Congo. República Democrática del,2200,38620,58700,23,78,27,43.6,60,No,556.8
Congo. República del,3220,3540,9370,20,48,33,31.6,64,No,1972.5
Corea. República Popular Democrática de,18120,18710,41910,0,38,2,18.6,72,No,500
Corea. República de,630870,25530,718880,2,41,8,12.5,83,No,31489.1
Costa Rica,8260,4820,15810,2,4,13,0.6,80,No,12076.8
Côte d'Ivoire,9910,6560,22900,10,60,30,36.4,57,No,2325.7
Croacia,16580,3820,225500,1,22,4,8.6,78,Si,13828.5
Cuba,24970,12690,41860,0,7,15,4.5,79,No,9099.7
Curacao,5439,2484,1477,5,25,32,3.2,78,No,19701.3
Dinamarca,33380,7140,45870,0,0,7,6.6,81,Si,60908.8
Djibouti,490,690,1480,9,65,12,7.5,67,No,3425.5
Dominica,180,50,240,2,36,11,5.2,,No,6526.8
Ecuador,39530,20350,65680,6,20,19,5.2,77,No,5600.4
Egipto. República Árabe de,246260,56870,329220,29,5,11,0.9,72,No,3547.9
El Salvador,681,3990,12350,11,22,23,4.6,73,No,3798.6
Emiratos Árabes Unidos,200300,52960,263240,2,7,6,3.7,78,No,43103.3
Eritrea,800,3730,7480,23,37,14,8.3,66,No,642.5
Eslovenia,14050,1980,17170,0,4,16,4.2,81,Si,25179.7
España,258340,39940,326940,1,6,7,7.1,83,Si,27057.2
Estados Unidos,4981300,62259,6023620,0,38,5,3.6,79,No,63543.6
Estonia,16000,1050,18610,0,18,14,4.8,78,Si,23312.3
Eswatini,1090,1500,3120,12,32,23,12.1,59,No,3415.5
Etiopía,16280,103110,172230,48,64,13,19.5,66,No,936.3
Federación de Rusia,1607550,849570,2543400,0,41,7,7.3,73,Si,10126.7
Fiji,1900,670,2820,13,11,26,11.8,67,No,4881.5
Filipinas,142240,67660,232340,4,43,9,7.2,71,No,3298.8
Finlandia,44360,4240,54490,0,35,8,19.3,82,Si,49041.3
Francia,309960,58340,423350,0,7,6,12,83,Si,38625.1
Gabón,4610,1120,7460,15,37,28,22.6,66,No,7005.9
Gambia,570,1700,2790,49,27,18,21.2,62,No,787
Georgia,9460,5210,16900,0,34,10,29.9,74,Si,4278.9
Ghana,16110,21350,44500,21,30,16,28.7,64,No,2328.5
Gibraltar,87434,5,147,14,39,19,4.2,,Si,61700
Granada,300,2030,2360,1,6,21,3.8,72,No,9680.2
Grecia,65290,9670,84750,2,3,18,5.2,82,Si,17676.2
Groenlandia,4386,23,379,12,31,16,9.2,71,No,54471
Guam,89239,46,60,1,41,12,6.3,80,No,37723.8
Guatemala,18210,11750,35400,19,31,21,4.2,74,No,4603.3
Guinea,3120,17830,28890,60,50,26,35.9,61,No,1194
Guinea Ecuatorial,6670,12230,19270,6,65,33,22.6,58,No,7143.2
Guinea-Bissau,310,1500,2800,54,74,29,62.5,58,No,727.5
Guyana,2440,1540,5040,14,31,18,9.2,70,No,6955.9
Haití,3330,4730,9930,38,66,10,35.2,64,No,1176.8
Honduras,9770,8150,22400,11,39,24,5.8,75,No,2405.7
Hong Kong. Región Administrativa Especial,3428,1466,36449,0,25,5,3.9,85,No,46323.9
Hungría,46390,7120,60920,1,14,7,4.8,76,No,15899.1
India,2434520,666510,3374990,26,35,8,1.6,69,Si,1900.7
Indonesia,583110,287500,969580,4,31,7,3.2,72,No,3869.6
Irán. República Islámica del,629290,149690,828280,14,25,27,9.3,76,No,2282.6
Iraq,188140,16750,215690,14,46,32,4.3,70,No,4157.5
Irlanda,37110,16820,65090,1,7,11,11.5,82,Si,85267.8
Isla de Man,24799,23694,13578,4,26,19,2.4,,Si,89112.7
Isla de San Martín (parte francesa),24813,2795,2483,21,22,17,4.2,80,No,15400
Islandia,2200,530,3440,3,9,14,5.1,83,Si,59270.2
Islas Caimán,542,17,300,1,23,25,7.2,82,No,91392.6
Islas Feroe,623,33,573,26,22,13,8.3,82,Si,64225.3
Islas Marshall,190,30,240,2,19,11,9.7,,No,4073.1
Islas Salomón,370,410,940,23,23,13,5.2,73,No,2258.4
Islas Turcas y Caicos,246,2,2,12,25,16,4.6,,No,23879.9
Islas Vírgenes (EE.UU.),7532,33,45,4,17,9,3.8,80,No,37233.3
Islas Vírgenes Británicas,345,15,75,3,35,5,5.2,,No,34000
Islas del Canal,342,527,253,5,29,19,3.1,83,Si,74458.8
Israel,61970,12070,87830,8,56,28,2.1,83,No,43610.5
Italia,324850,43670,399600,1,8,7,7.1,83,Si,31676.2
Jamaica,8510,780,10020,12,57,14,6,74,No,4664.5
Japón,1106150,21110,1186770,0,38,6,8.4,84,No,39538.9
Jordania,24700,6300,35810,2,23,5,0.4,74,No,4282.8
Kazajstán,220450,41360,274220,0,31,7,2.8,73,No,9055.7
Kenya,18400,40250,78830,18,47,19,33.9,66,No,1838.2
Kirguistán,11000,4990,18120,0,10,6,33.7,71,No,1173.6
Kiribati,80,20,110,21,37,8,22.4,68,No,1670.8
Kosovo,736,983,246,13,29,9,12.8,72,Si,4287.2
Kuwait,89460,6080,112970,4,41,10,8.3,75,No,32373.3
Lesotho,2570,2320,5850,23,54,19,1.3,54,No,861
Letonia,7630,1940,11660,0,43,21,4.6,75,Si,17620
Líbano,27710,3250,34350,5,61,36,8.3,79,No,4891
Liberia,1320,6210,9200,52,70,34,15,64,No,583.3
Libia,58940,37790,103040,14,81,33,3.5,73,No,3699.2
Liechtenstein,140,20,180,11,32,26,8.1,83,Si,180366.7
Lituania,11590,3150,18840,0,22,16,7.3,76,Si,19997.6
Luxemburgo,9320,540,10220,0,7,8,3.1,82,Si,115873.6
Macedonia del Norte,7370,2520,10510,98,8,18,19.2,76,Si,5888
Madagascar,3370,17470,30570,77,61,39,24.2,67,No,495.5
Malasia,239620,46580,306670,95,36,11,9.1,76,No,10401.8
Malawi,1570,11020,18320,38,65,32,47,64,No,625.3
Maldivas,1910,130,2380,2,30,2,11.6,79,No,7455.9
Malí,5620,23290,43740,69,47,36,27,59,No,858.9
Malta,1550,220,2040,5,35,12,18.8,82,Si,27884.6
Mariana,19,4,5,21,38,19,4.2,,No,20659.6
Marruecos,66680,17670,94290,26,9,7,3,76,No,3009.2
Mauricio,4130,1930,6740,9,29,21,6.1,74,No,8622.7
Mauritania,4000,6830,14080,47,73,16,12.8,65,No,1672.9
México,472140,144610,679880,5,16,18,3.8,75,No,8346.7
Micronesia (Estados Federados de),180,60,270,33,29,16,3.6,68,No,3585.4
Mónaco,426,747,473,11,35,9,5.7,,Si,190512.7
Mongolia,21320,17860,52620,1,38,14,12.2,70,No,4007.3
Montenegro,2520,820,3800,1,27,11,3.9,77,Si,7686.1
Mozambique,6640,16850,35040,39,77,46,27.7,60,No,448.6
Myanmar,32520,65790,119650,11,56,6,14.1,67,No,1400.2
Namibia,4250,4510,11930,8,42,19,14.7,63,No,4211.1
Nauru,70,0,80,19,38,16,12.8,,No,10983.2
Nepal,12030,30800,51240,32,49,17,44.1,70,No,1155.1
Nicaragua,5210,9830,19070,17,42,25,39,74,No,1905.3
Níger,2290,29860,45050,65,59,40,46.7,62,No,565.1
Nigeria,130670,127900,311450,38,54,19,36,54,No,2097.1
Noruega,37350,4850,47340,0,0,16,9.1,83,Si,67389.9
Nueva Caledonia,532,202,13240,2,19,11,6.9,77,No,12579.6
Nueva Zelandia,32210,32530,81330,0,8,9,8.3,82,No,41477.9
Omán,73370,5460,82300,4,27,6,2.4,78,No,15343
Países Bajos,151170,17260,178640,0,7,4,6.1,82,Si,52397.1
Pakistán,208370,151020,431220,42,40,8,13.5,67,No,1193.7
Palau,290,20,320,3,24,17,5.4,,No,14907.8
Panamá,10140,5390,18010,4,22,19,4.1,78,No,12269
Papua Nueva Guinea,746,11310,22970,38,20,12,9.1,64,No,2636.8
Paraguay,8420,29070,49170,5,17,12,4.7,74,No,4949.7
Perú,54280,31410,96280,6,33,13,22,77,No,6126.9
Polinesia Francesa,486,70,1021,4,11,8,21.6,77,No,14324.1
Polonia,312740,47540,389650,1,0,9,16.4,78,Si,15656.2
Portugal,49780,11320,66820,4,4,9,2.6,81,Si,22437.1
Puerto Rico,342,1768,2858,8,28,21,14.8,80,No,32290.9
Qatar,90170,8110,99830,7,18,8,12.3,80,No,50805.5
Región Administrativa Especial de Macao. China,247,80,820,3,15,5,9.2,84,No,86117.7
Reino Unido,358800,51210,452080,0,9,6,5.7,81,Si,40284.6
República Árabe Siria,27910,12770,46320,19,38,33,4.3,72,No,2032.6
República Centroafricana,330,23200,55680,63,95,36,37.9,53,No,476.9
República Checa,102480,12430,122840,1,9,18,18.2,79,Si,22932.2
República Democrática Popular Lao,18790,7610,29270,15,21,17,9.7,68,No,2630.2
República Dominicana,25120,9200,39060,6,15,21,10.3,74,No,7268.2
República Eslovaca,33000,4360,39930,3,24,5,4.9,77,Si,19156.9
República de Moldova,8590,3310,13180,1,59,6,23,72,Si,4551.1
Ribera Occidental y Gaza,943,726,653,2,37,16,7.3,74,No,3239.7
Rumania,74880,23780,109010,1,12,7,1.1,75,Si,12896.1
Rwanda,1080,2910,6170,27,42,6,5.7,69,No,797.9
Saint Kitts y Nevis,260,80,370,15,37,17,9.2,,No,17435.9
Samoa,320,300,690,1,31,16,6.3,73,No,4067.5
Samoa Americana,246,481,21,3,38,15,9.2,,No,11534.6
San Marino,535,732,358,24,29,9,2.1,85,Si,47731.2
San Vicente y las Granadinas,280,70,370,4,28,7,8.3,72,No,7297.9
Santa Lucía,390,270,740,12,11,11,9.4,76,No,9276.1
Santo Tome y Principe,347,30,190,7,86,23,5.7,70,No,2157.8
Senegal,9860,10750,29990,48,30,14,13.1,68,No,1487.8
Serbia,45540,12400,62600,1,4,34,12.9,76,Si,7666.2
Seychelles,620,90,780,4,41,17,3.8,73,No,11425.1
Sierra Leona,1020,4610,7190,57,59,21,57.5,54,No,484.5
Singapur,47360,4150,66640,3,9,4,12.4,83,No,59797.8
Sint Maarten (Dutch part),369,573,427,0,27,17,5.7,78,No,29160.1
Somalia,690,19430,26970,95,72,36,41.5,57,No,309.4
Sri Lanka,21630,10030,35240,8,38,5,8.5,77,No,3682
Sudáfrica,433250,45140,513440,5,26,16,26.4,64,No,5090.7
Sudán,20200,58850,109630,39,88,11,26.9,65,No,595.5
Sudán del Sur,1380,34170,58660,65,91,14,45.7,58,No,1119.7
Suecia,36000,4580,46350,0,0,7,2.4,83,Si,52259.3
Suiza,37480,4790,46020,0,2,6,1.8,84,Si,87097
Suriname,2080,1370,3780,6,6,18,15.3,72,No,6491.1
Tailandia,257860,84140,416950,6,24,11,14.4,77,No,7189
Tanzanía,11580,62650,105380,22,40,26,34.2,65,No,1076.5
Tayikistán,7330,5520,15210,0,26,7,9.1,71,No,859.1
Timor-Leste,640,5280,6190,32,33,7,17.7,69,No,1381.2
Togo,2260,3450,8420,33,54,19,33.1,61,No,915
Tonga,190,100,350,1,37,11,8.3,71,No,4903
Trinidad y Tobago,17760,1280,22900,1,5,14,2.7,73,No,15384
Túnez,29980,6420,41100,21,8,3,2.7,77,No,3319.8
Turkmenistán,71730,49580,125080,0,25,4,15.3,68,No,7612
Turquía,412970,47400,502520,3,9,5,1.8,77,No,8538.2
Tuvalu,10,10,30,21,28,16,10.8,,No,4143.1
Ucrania,185370,62950,274510,0,19,4,5,72,Si,3726.9
Uganda,6130,33250,54870,23,48,20,36.3,63,No,817
Uruguay,6520,20940,36160,1,13,11,5,78,No,15438.4
Uzbekistán,112090,105930,235510,0,52,10,4.9,72,No,1685.8
Vanuatu,180,510,870,12,32,19,10.4,70,No,2783
Venezuela,138160,72340,233920,3,44,24,2.4,72,No,16055.6
Viet Nam,257860,87750,376530,4,14,3,10.1,75,No,2785.7
Yemen. Rep. del,9310,8590,21760,46,66,11,15,66,No,824.1
Zambia,7740,17870,40670,13,55,29,33.3,64,No,1050.9
Zimbabwe,12270,11850,31380,11,34,22,13.3,61,No,1128.2
